641400.0
618654.6003140005
594339.4992489895
562093.7130584571
529834.7078222428
501172.8831750211
488223.5073730296
457965.74788815685
436057.647669826
410792.73830536904
396803.8498615295
363665.6812945032
346430.25621053076
326117.58146997984
319282.3030982288
318253.2959588905
315612.8197190132
314949.4524623552
315062.95732553466
315450.5234198394
314671.708695721
312950.1551316504
312911.556870221
312916.3481097117
312369.7306838072
312267.77334578376
311544.9944928433
311001.0865524708
310815.19266271
310515.3736862527
310344.29855803325
310386.4677742471
310960.17666782235
310332.4469510739
310102.49719976855
309653.92109639006
310098.0186638451
309281.4345989828
309465.4009230194
308520.31950404943
308615.20289420866
308442.53246595117
308418.86774559977
308120.6233608
308893.6597091655
309128.66608313203
307793.5135673509
307527.8497387318
307157.67846016685
306931.4161680739
306891.7975197233
306648.3913052898
306366.16283015104
306443.1033721515
308203.9692369561
307096.13487075246
307939.5312838993
308220.28370702156
308195.2593825965
308434.7543606659
308702.6327376616
308172.54010060383
305943.84631067433
305226.8688455264
305298.86798292777
305134.5078832468
306036.74178428197
305018.6484481781
304683.36321489693
305217.14693447977
303952.17213636526
303629.19940822985
303902.22087079886
303860.29127462127
303645.80275329325
304271.9269070248
305154.6215405306
305811.213728121
304779.6548224494
305454.70075469394
305962.98932699405
304219.13596906286
303257.9387150212
302641.584408706
302646.18233106664
302392.7788543231
302013.2544090555
303393.83244690514
301815.85191204015
301732.5113310017
301649.374617899
301993.5867573862
301981.2933627513
301383.5997099688
301470.7162548096
301845.59986135
301555.4608196848
301151.31486972305
300955.279380545
300764.1492754689
300631.93814806436
300694.2758345884
300124.86810564843
299886.79764318984
300058.82725278585
300472.40986894554
299894.4675666958
299549.8713733328
299601.73638871545
301149.874260475
301242.8460785707
302757.63114772143
302786.4167103141
301829.08182562055
299698.3151390261
298614.3505056722
299985.4949529668
298032.56995323
298029.296484888
298439.928157737
297811.84566598054
297453.75779550435
297288.4720335783
297231.9385315673
297314.1447375485
296902.0751223772
296626.54054191156
296802.61752405594
297206.833098601
298079.0779332867
299349.55822288594
301075.9879533386
303021.0007788947
300486.21910437127
300009.4036299247
298796.6814605293
298249.9816812921
297266.34362258465
296974.99488728074
297584.4790216312
295793.8979656092
296638.1591698025
296780.9404238922
295433.8569792705
294145.59398067696
294325.7427651084
293987.7540028111
293903.22636837256
293638.6638666725
293573.2012529901
293647.3285993975
293829.49114341364
293884.61599541723
293480.9407548131
293207.6465317096
293096.11539934925
293600.54158670054
293342.8233245142
292989.1906573913
292998.68111765676
292583.44014259224
292247.31578428915
292506.45900558744
292378.42540232145
292200.34775187523
292049.65818587027
291856.29962209304
291789.27093278326
291926.9443159
292857.36297110986
292419.5980282183
292329.3805647027
291105.8518537895
291165.1782492775
291710.5775430544
293127.9870229947
292190.01081168355
292470.0381400796
291423.67588542926
291975.5055818533
291085.6009961226
291417.7981841726
290637.40573936945
290432.9912711986
290112.0727126686
290629.21064158983
289849.46665313636
290587.2554616137
291183.73979183903
291692.9367201605
291452.07353677833
292593.33430788334
292339.3788144198
291406.5973410301
291016.47366488405
289821.5862244562
289019.5240177121
289157.53451813594
289024.8625532559
288937.9045777922
288917.0834241719
289294.1501654383
289359.0851611144
288982.39380037313
289365.259622592
291067.8706411461
291065.32304943964
293803.73602576845
290396.64214844065
288275.130329379
287738.7165875868
287822.41886083275
287757.921299167
288269.8527451781
289106.63670127117
288116.2257075552
288291.5464863908
289357.6398717458
289153.04599609686
289250.82164175034
288003.98379319237
287946.45696632273
288737.46381289355
287730.2575336514
286640.44056746137
286620.0394995089
286622.07403670455
286543.0314057836
286587.80502097396
286526.4702883358
286597.0718661447
287325.9721142911
286565.7345960367
286217.34359680576
285975.97386776336
285956.52975478617
286255.7940438186
286997.5879695784
287650.06544434343
286747.7994194648
287363.819482389
287831.42874234903
286160.3835495485
285305.35532811197
285113.35760905634
285113.7417824553
285133.66207799286
284969.3461535933
285167.90372118296
286505.9202301957
285672.82257103996
284893.93801735865
284638.6904677148
284383.9918539438
284462.7349908549
284461.7419856859
284908.81488809653
284275.5395141453
283950.0442864493
283877.31447670236
284244.9727984065
283980.5773810959
283661.21400045214
284563.60747856234
283791.40807663044
283687.29473392083
283339.11607269116
283718.4795419011
283618.7857131776
283110.1238982566
283411.987189415
283259.98135447525
284010.5811383279
283788.56294564554
283035.64255749166
282965.8440558004
282749.2354699742
282791.54472413304
282552.1738315902
282464.8723183449
282381.4588641312
283197.6831979654
283484.34228834935
282939.1935396709
283481.97844582016
283226.12153735297
282516.949874985
283803.3015651547
284577.9035198275
284299.83565514756
283492.30633157503
284443.1048266613
285532.4490854562
284107.0129673018
282501.22430843266
281864.25234495976
282167.8250073717
282675.106969309
283005.1189535464
283447.5678037869
282200.84952650213
281868.75439555565
282158.6611187641
281974.8184967292
281045.5874888492
281286.92551543476
280841.43769593496
280903.3593918014
280894.24473652657
281220.8063639994
281012.8269104289
280625.86158195336
280477.60162499396
280308.1415187432
280197.68246518297
280227.1708404053
280075.30895783834
280079.6631131709
280225.6383646
280202.07550003176
280550.77009413205
280473.3641434093
280064.90627198707
280196.0456017653
279676.7705301914
279710.3774061995
279373.6622653652
279902.5838963068
279280.095783093
279431.1471735235
280075.88212224544
280789.97519990813
280621.2349821493
280013.4582214489
279522.4188161261
278750.5141268007
278728.4964870116
278416.48153277446
278155.04632677126
278099.3004899669
278312.7985651031
278551.573349692
277794.35093152645
277750.8168662774
277454.7048398609
277261.1341534565
277404.43895186915
277481.2439653724
277266.7880798395
277965.1665970647
277056.3526079764
276677.16388688196
277294.061873019
277688.09030750714
277425.66025913216
277187.53752855706
276480.4072467179
277330.1127741244
276333.56287113816
276047.29780723015
276438.0677182491
276217.6432650574
275924.2487343833
276036.4149597792
275727.25477403175
275734.47143111785
275881.25042467884
275615.3262180319
275883.6660050772
275375.70232273644
275165.0587469876
275336.6194689413
275328.64208419045
275119.280213024
275364.4533030919
277077.91762339196
276414.9039949811
278493.94485147856
278937.3186396177
278804.0452359416
278650.038297088
279480.6643037691
278965.1005313667
276067.38970588765
274295.08577616647
274215.2544297273
274249.11503397865
274409.8902714407
274057.26161221095
273913.5465766053
274243.15987664013
273908.5357554879
273550.6790213525
273448.1097965448
273346.8796913637
273431.06435361755
273849.9228831398
274401.3355924117
274824.6980602771
274698.50391001883
276164.373239533
276357.02198605036
275611.7803671474
274450.25819509395
273448.1730707968
273874.717721557
272890.78638524085
272474.0983897577
272722.12686363014
272318.72757627245
272256.28982451133
272193.8636047155
272529.3343173433
272538.424413815
272044.1955487839
272164.3134559914
272479.7035318629
272427.32361476246
272193.06410307996
271876.42340815766
271811.2669698848
271638.14308944443
271346.55354360014
271061.1917140687
270969.8174732758
271052.75162193226
271388.457372348
270962.1052150142
270667.5613150713
270584.7980318285
271319.1327859341
271199.8273038275
271945.70724671683
272242.782583299
272199.48804392887
270825.2589061168
270380.0061178194
271418.26722157
270069.4204234195
269827.08052770555
270153.79314460355
269595.89907681424
268990.0772021432
268845.95772058977
268759.68421451317
268565.3814286035
268428.3585382092
268268.16815552884
268423.94561394444
268325.70044879726
268809.6139574503
269223.46421629
270334.09045261116
271825.35526908585
270471.15276682435
271176.6956908378
270235.66741173127
269800.1951684883
269027.63787550025
269058.56235879875
269900.9542100738
268186.89360230207
268836.7289712216
269262.90901718615
267870.1035712466
266833.6117582639
267278.2401849218
266669.88604561443
266116.5647715633
266093.31100243115
265939.896387
265698.7156605499
265805.02517957083
265950.5263766245
265709.9880751996
265443.070451213
265312.622620455
265587.87825934816
265377.5324978351
265270.775503072
265238.3181805913
264880.51557162806
264600.453556167
264654.1542132341
264653.603870549
264492.6605822696
264451.42044908606
264350.3739834089
264200.4679891195
264141.1241869124
264518.5434073814
264390.98787612916
264654.24599705514
263896.6219724262
263569.5664815681
263768.7501367601
264496.932048249
264182.93261070974
264618.78915003454
264049.3812733268
264651.3881793781
264079.63081228035
264925.00876462215
263838.0915199597
263600.7719275307
263079.3422713208
263745.3703102576
262820.23726747936
263907.6949092643
264561.60193375836
264540.7836293069
264119.6547598551
264699.28132341657
264532.33844229556
263845.51788022293
263513.86438315647
262558.62846335565
261895.64631549976
261889.70931352014
261758.3117836155
261729.47123251227
261603.93135277796
261836.94125328108
261977.05465628975
261897.36896798504
262111.77368080447
263583.0304520763
263965.7051315386
266558.5150904869
264150.4624310824
262532.98028409615
261875.40331854956
260776.48565952474
260737.68373939488
260776.12861322862
261039.1357289854
260728.3360645714
260950.97908108
261527.22095081324
261281.38858727945
261525.69023313976
261164.44252712143
261134.43611809576
261941.53237482632
261179.62567149542
260204.13159794832
260118.07716973507
260138.89337039058
260043.70232353307
260066.20912961752
260020.9813948204
260007.42342025452
260516.06933315855
260026.93208312368
259870.88538903403
259718.13812484246
259724.0316040588
259783.21750910438
260262.50928911977
260921.7735480104
260508.811138403
260979.44951784797
261327.4601628765
260103.53894607394
259432.59836465298
259083.5054623578
259074.31006695388
259052.58987989638
259118.6166890938
259365.33226526724
260721.18206969582
259811.33403722727
259089.67644852272
258776.39921849227
258454.64873604444
258462.2514856987
258433.50721361718
258678.95859471554
258518.39239535184
258161.91752401856
258127.57427452202
258235.8843020912
258074.56247797702
257989.38405963517
258729.65840871984
258100.18404132692
258006.5971705118
257806.2864967555
258129.0263941882
258054.3928982111
257617.85247925276
257726.4051683356
257589.56701877102
258044.32506682325
257882.48415617115
257506.79563142188
257362.79802293255
257205.88565702073
257252.77570716367
257167.4577974079
257128.53897152725
257078.8653455553
257411.20755843396
257538.4641860468
257191.6179225413
257484.27366931102
257344.88320982666
256951.5229322395
257628.404765017
258254.00007320943
258345.67061850964
257776.7135748886
259011.1361173265
259852.4451541839
259115.56197273242
257733.29258283338
257159.742297739
257446.188402111
257689.95749754156
258292.11037725135
259052.92329377405
257881.4059830031
257427.63403630676
257687.23243630654
257519.80954226846
256534.9894557081
256366.50959190677
256020.44941231143
255999.06786809038
255972.55851322264
256270.78946624417
256109.25438326751
255799.3317288805
255844.59658558568
255640.97827433073
255550.39098068068
255518.1716811243
255446.76689300427
255471.4993111348
255773.09771058965
255770.63644341816
256007.14533010343
255950.81216095883
255807.8471387783
255944.55453675636
255441.76797029935
255469.7513349019
255158.28820498698
255621.32613188526
255089.70889056494
255232.24054119946
255778.6927838868
256356.4953481919
256387.59339883417
255920.46053402819
255512.74929030892
254952.4839546208
254949.9136495827
254755.25164428173
254647.15422516162
254581.58613798794
255098.64164980504
255644.65754325126
254752.30404294506
254783.91604104303
253995.76587134768
254118.7585037614
254502.83092191815
254465.8352627511
254236.429079159
255046.924246663
254006.59125561474
253629.22999180178
254369.51554553822
254721.38024587097
254479.68774919928
254296.15915634972
253829.57120426913
254844.99110733703
253721.67547712452
253386.00485484634
253971.07214961064
253848.16929890844
253553.5646544573
253617.66258803746
253239.03429195276
252637.3521438837
252589.7782107182
252456.07212235616
252632.65258461036
252339.51271983117
252262.18343592552
252361.31747975427
252357.21585556175
252298.24042272882
252483.89684440332
253616.46112806248
253991.20140282693
256018.03737962965
256836.8417878301
257175.12867037999
257405.72283419207
257873.2741305659
257410.63406338924
254731.49737738652
252618.83945725017
252281.87389528818
252099.83793493218
251966.88958591627
251895.95358508592
251909.83301121148
251846.47133991885
251821.65147287358
251657.5663407345
251749.01950832858
251614.98485949935
251692.3481224284
251983.98211036337
252366.7967133024
252857.47887547838
253014.2332716481
254215.78873771438
254757.1680926093
254117.28932459772
253110.03364768982
252171.8985464542
252367.12074933137
251639.86594469487
251178.74379285268
251007.28961125884
250994.97262972762
250905.04414596502
250963.0852442338
251364.27891005494
251387.50012518658
250928.80859485647
251009.0620383475
251272.76243898756
251242.78641004962
251187.92188135698
250819.92518976482
250793.05181481136
250817.12726477726
250458.4296164776
250416.19319309763
250320.26431399258
250468.72102320893
250550.95132088626
250252.71925710049
250090.79607749666
250169.17551170374
250834.67536092113
250800.082192031
251460.53305197027
251567.21455473846
251548.43553224878
250360.5985375852
250212.92400744697
251080.20983290847
250421.600866953
250082.13390391646
250662.70532733033
250377.33336374414
249602.64728858855
249377.2822347081
249298.38021219353
249215.7490893237
249126.2404856817
249079.36513574095
249395.37134194328
249485.6149998658
250370.0140948156
250898.27773633093
251986.7834029665
253405.76907487572
253039.58309560904
253734.3683493937
252815.38428326265
252157.95300453712
251722.09993563616
251912.9059163569
253373.48741705462
251231.681637423
252044.63696752297
252663.3161986943
251415.95796991754
250002.40579013008
250638.3380720459
249604.92880963738
248825.5046732233
248762.7653608623
248843.02295270175
248077.75496928187
247675.76186877277
247638.41222718608
247532.70514269028
247593.76543026822
247641.20544150056
248578.51069983141
248490.63869681334
248362.08727139386
248324.7618741379
247840.16857776983
247409.85632467322
247132.8412903083
247192.94964498538
247158.4287276917
247193.29765904055
247166.46639585524
247133.205052448
247155.70509531526
247549.18961851342
247414.2137420309
247698.7929106474
247066.66782867152
246886.99229979442
246886.27970967122
247213.92022948922
247058.23606484898
247617.33595675536
247264.262569224
247634.37401630907
247286.23607794722
247777.45025857748
247087.53498200886
246980.062946149
246699.943103467
247220.194532745
246744.7429940513
247522.38817602323
248011.66342246183
248274.43123568417
247903.58865040165
248391.5282991798
248256.34239332075
247588.56543291197
247807.40444857292
247196.5685896357
246362.50031491666
246246.46222044772
246144.61681299642
246162.29914650175
245998.52112275662
246150.21740123592
246163.75743455836
246123.22705754472
246183.10310471902
247193.5821855955
247475.0340807647
249447.51624917967
247874.2391399465
246864.12009069297
246450.4565051987
245773.91325209636
245771.50459685564
245974.376550737
246403.4900762486
245899.8810671872
246007.97641196495
246329.71896007602
246330.4877073966
246552.91562551272
246298.17021871672
246269.17308995296
246845.8823340088
246301.72824328762
245721.6523232649
245628.98940695182
245657.46610269023
245647.2659768242
245695.35901249916
245669.7961615394
245647.28072123328
246062.02599098784
245781.83538176844
245630.54491451025
245837.60059545268
246490.9669234881
246424.38509528723
247009.42247122325
247539.78955694893
247432.20142052067
247901.23172268434
248290.41849885622
246959.87442479876
246143.61924904346
245753.6648334068
245726.20052878882
245591.90341220357
246065.0602233452
246434.0298431826
248054.12256249777
247003.23462592033
245905.8840298244
245538.18486062647
245321.69191600534
245348.41057511768
245388.82321612776
245092.43273495906
245869.57838417497
245515.80232501528
245446.6384886919
244938.9550603965
245082.37584987906
245321.97013456796
244899.01621516052
244956.01193393816
244859.1039564993
244933.64277394372
244713.16942515972
244702.70041965056
244674.93352223947
245000.5892321274
244911.66287738344
245252.22589678076
245005.10156198862
244731.71955812818
244600.85025315633
244483.72228628703
244515.76154308434
244506.3276021255
244568.8532491925
244521.50338850793
244604.90016054868
244702.80800508123
244568.93262014556
244810.06255043607
244691.00213027702
244468.0903515927
245106.88474329273
245697.46441762382
245763.4268273234
245292.14826670146
246390.0623437634
247104.56909032818
246475.6348391152
245272.30852815247
244959.98593659612
245501.84754619005
245768.6067248142
246351.91127020755
247118.60248546404
246003.33659440212
245510.43822339736
245633.70079795044
245489.30183916652
244759.1681550071
244604.87051527537
244184.70912405124
243974.91152378413
243867.2135183158
243857.38561734752
243774.73776598665
243778.86622537253
244138.37030720027
243734.9781104489
243662.31343870997
243608.85483278683
243657.8670249269
243555.03199706998
243587.1992331529
243574.14920975413
243792.37341382043
243754.8721364864
243791.40102019513
243915.54210846295
243591.22297723123
243597.69466374512
243475.23631873768
243793.30514612226
243602.03425101168
243873.02017968663
244500.24883439683
245128.47905129558
245171.1890001145
244576.27592662186
244377.15458972278
243796.94739167
243706.65289394697
243553.95406658397
243495.8072820187
243444.83692337014
243999.6303180835
244241.8680819987
243690.36850680638
243594.29901449595
242977.9751629231
243002.22051986415
243445.65998006528
243315.2497393191
243279.0229040634
244389.31739299584
243225.41461399998
243052.3180399708
243646.172222789
244128.72749442275
243898.97959110385
243577.78194832575
243765.36175804457
244999.24028628253
243700.4870138795
243340.3993424849
244081.27367891464
243882.54485111067
243595.7100618779
243649.68443151267
243274.29926940656
242489.6192825731
242326.44340817299
242273.36925590585
242333.01212257482
242179.43808187367
242190.22058693875
242164.88302695478
242153.46487682883
242119.0185326797
242236.91595090993
243054.0080633177
243315.29641898294
244500.11999850537
245424.78647031088
245700.08515669205
246138.63405936354
246505.25306962233
246126.06199176566
243954.50206791447
242509.36685445986
242251.39716442095
242094.09473467097
242076.2879568287
241951.80657747298
241951.35497527328
242052.1690461955
242080.10715915053
241898.98237735435
241880.57846375555
241854.52421184807
241901.95152600654
242101.04813643068
242564.32972630142
242976.6364523516
243342.7570189806
244507.27290819958
245306.957216386
244728.153210883
243762.4505015901
242820.0053589393
243026.83618044524
242195.726402723
241894.67429992167
241591.226835867
241644.15377106055
241553.95218513178
241561.7881088959
241827.64893738832
241855.33946077956
241601.4826585868
241656.41018900424
241870.43120829648
241864.14547715866
241986.55341834924
241633.9423373979
241775.19410853452
241802.3449806487
241290.31430955575
241226.7614557254
241227.45495317224
241245.79209659062
241452.06969487958
241225.67486383228
241191.17182582206
241334.4106174335
241853.0565375883
242167.12804453343
242955.50289596766
242422.89412132718
242421.23893117614
241680.90439517744
241574.8711535881
242495.61199080932
241993.9778828622
241628.8565230433
242047.66539206094
242015.99561406096
241186.50621345773
241088.90220731005
240942.64394622296
240908.38654210055
240941.09123261232
240807.90006454574
240947.93061252442
241174.47243268456
241953.40061673196
242784.76168432055
243168.53024232216
244525.1227119292
243875.1011718123
244743.64583778658
243937.33285683073
243921.76397489247
243836.0199043534
243863.41667213655
244895.49921723848
242812.7695485621
243578.8507747184
243889.0049484281
242967.9289440941
241735.93457840927
242294.74248081984
241638.2786496238
241089.24508970053
241132.93845661083
241238.6082974194
240689.33621541096
240519.24323890856
240297.3475406483
240251.7041684856
240399.16500240783
240488.79134177507
240925.0507540641
240849.4685036432
240901.46889301034
240883.41342836153
240804.7228280702
240459.7260476928
240137.98633404778
240214.25529876907
240140.35101492263
240140.47344851497
240146.19592243907
240179.42286670808
240283.41314026903
240767.35576038258
240499.56624093375
240535.47286956705
240176.36836574745
240031.34714337162
240073.94533133254
240341.29527204455
240207.02945437652
240907.19011086778
240614.55882859614
241182.0988522425
240777.85663216043
241005.86326373756
240355.54047854358
240273.33884770222
240036.25726674293
240401.60757212117
240017.7673294754
240496.6302116324
240769.81712081737
240968.92849397328
240689.27792168228
241056.89999610704
240957.29762197947
240471.00982704276
240792.3135161438
240332.99864682788
239810.65835045432
239757.40714549922
239691.86216352225
239667.5154207467
239630.09271848638
239897.1953028448
239907.07023448145
239873.6318394615
239866.98147065047
240897.5777518005
241216.64290717093
243284.12280644668
241677.80273104252
240604.09582886717
240030.03149139148
239544.63666402007
239533.59386564812
239638.0872635503
239895.03373299306
239547.2151905478
239605.91567795997
239837.4959445745
239971.82512454313
240166.65462111993
239849.50771080292
239825.21387902557
240301.31439767298
239855.70764437373
239482.16225046883
239581.89089596673
239460.58653801325
239430.081721792
239452.8427795196
239443.10077238322
239482.08778745518
239822.9892479875
239584.931339008
239459.53223639258
239574.4645116501
240103.3192301836
240050.52123081393
240518.58248539869
241240.80989848071
241134.91090508652
241543.40009645215
241920.62476498372
240691.73236199844
239964.3693743933
239607.06036758414
239699.88267803603
239503.1993436549
239951.22874851918
240259.3040635619
241413.20854321844
240532.82551797072
239794.56354667473
239491.7529094255
239573.38899349002
239586.45978460187
239626.32041566737
239271.74436854702
239985.0895622694
239814.0830281559
239748.01162872266
239263.80871023377
239410.24124361333
239666.84898734817
239131.11318080363
239254.32781491592
239283.22253250147
239581.78820865432
239117.26792508192
239037.7261490398
239206.06739876178
239703.2183942463
239636.7456857072
240138.3948496246
240016.0449035531
239373.6783828335
238981.013945132
238935.84764242268
238930.26766438922
238918.3634197604
238927.63388833017
238901.56709190557
239158.48157846456
239420.81808727677
239284.767709445
239583.56162436807
239450.69136574288
239175.91873781668
240178.06893122566
240633.83959362213
240476.76969589945
240013.21371905116
241135.83102553594
241847.3240671381
241231.94668642007
240028.77407803526
239703.13860455746
240030.544799595
240073.3597105861
240571.5831088672
241248.50795695436
240534.22296548926
240064.56768189342
240413.35435481067
240278.65548439484
239515.5309960322
239424.87710053817
238868.50452061303
238630.15343202293
238573.89302847412
238678.84337832604
238690.26800786785
238594.06804513832
238599.4433118239
238520.43760974015
238483.71158342448
238463.16071651454
238455.0709515985
